0 0.142000 0.135335
1 0.251000 0.270671
2 0.282000 0.270671
3 0.184000 0.180447
4 0.095000 0.090224
5 0.028000 0.036089
6 0.014000 0.012030
7 0.004000 0.003437
8 0.000000 0.000859
9 0.000000 0.000191
10 0.000000 0.000038
11 0.000000 0.000007
12 0.000000 0.000001
13 0.000000 0.000001
14 0.000000 0.000002
15 0.000000 0.000002
16 0.000000 0.000004
17 0.000000 -0.000061
18 0.000000 -0.000039
19 0.000000 0.000647
20 0.000000 -0.000068
21 0.000000 -0.000237
22 0.000000 -0.001086
23 0.000000 0.001316
24 0.000000 -0.002926
