0 0.001000 0.000045
1 0.000000 0.000454
2 0.001000 0.002270
3 0.007000 0.007567
4 0.011000 0.018917
5 0.048000 0.037833
6 0.064000 0.063055
7 0.075000 0.090079
8 0.118000 0.112599
9 0.138000 0.125110
10 0.130000 0.125110
11 0.125000 0.113736
12 0.086000 0.094780
13 0.063000 0.072908
14 0.046000 0.052077
15 0.029000 0.034718
16 0.025000 0.021699
17 0.019000 0.012764
18 0.009000 0.007091
19 0.001000 0.003732
20 0.003000 0.001866
21 0.001000 -0.010684
22 0.000000 -0.363008
23 0.000000 0.558542
24 0.000000 -5.794365
