1837.888030
1766.781452
1675.189132
1675.189132
1631.838868
1631.838868
1631.838868
1631.838868
1631.838868
1631.838868
1631.838868
1631.838868
1656.640767
1631.097206
1651.212683
1632.553488
1632.553488
1578.344284
1615.838414
1622.506625
1569.008076
1549.285947
1571.246658
1597.431208
1600.323698
1628.979730
1628.826784
1629.947618
1656.326784
1679.411126
1704.927083
1704.927083
1732.625000
1762.427083
1762.427083
1760.177083
1757.427083
1788.609043
1788.609043
1788.609043
