906.358208
888.940740
887.713418
887.713418
917.494444
917.494444
917.494444
917.494444
917.494444
917.494444
917.494444
917.494444
930.901406
952.365421
955.714230
994.553569
994.553569
1015.994630
1054.253049
1060.034711
1070.638210
1092.302964
1109.611954
1128.997628
1144.442196
1167.051025
1176.700924
1178.187849
1194.683682
1207.927970
1224.635417
1224.635417
1242.625000
1262.135417
1262.135417
1259.885417
1257.135417
1277.417553
1277.417553
1277.417553
