0.940179
1.673976
8.116412
7.626960
12.771831
11.056752
12.128418
12.562721
21.099633
22.184697
20.341160
18.855965
18.314750
17.826796
17.834094
17.846440
17.912273
16.983036
17.586258
16.781707
16.312519
15.672226
15.552720
14.914473
14.434643
14.005877
14.536461
15.330702
14.926495
14.592660
14.204894
13.919678
14.014930
14.320796
13.928600
13.720688
14.046103
13.927045
13.676139
13.483518
13.493640
13.179427
12.928648
12.895415
12.635785
13.017567
13.312273
13.282271
13.044283
13.166110
13.145504
13.515074
14.171601
14.570395
14.355678
14.156002
14.291449
14.251249
14.287875
14.153196
14.174328
13.959003
13.896016
13.765569
13.956807
13.877717
13.737562
13.852401
13.754949
13.813276
13.642528
13.539273
13.608790
13.583476
13.490885
13.417663
13.578821
13.502640
13.944876
13.777565
13.692778
13.617416
13.471844
13.425456
13.496628
13.362309
13.212120
13.343525
13.334786
14.336671
14.301930
14.214915
14.144600
14.083171
14.507639
14.407571
14.951776
14.806039
14.739615
14.704695
14.682999
14.982753
14.844669
14.866884
14.789624
14.751316
15.143081
15.066176
15.498536
15.748530
15.612393
15.497872
15.589492
15.515173
15.886907
15.840987
15.909064
15.977011
16.239682
16.460235
16.394151
16.308091
16.259509
16.685230
16.761630
16.651341
16.531706
16.547872
16.430151
16.347908
16.237562
16.320839
16.276305
16.457870
16.486438
16.526394
17.011364
16.959510
16.860141
17.050276
16.992996
17.259594
17.304247
17.269158
17.294077
17.378252
17.295571
17.229650
17.289335
17.323849
17.225247
17.168212
17.126980
17.144237
17.442510
17.421062
17.504726
17.443887
17.365348
17.301502
17.227004
17.183645
17.206263
17.255820
17.208547
17.275535
17.190584
17.201940
17.124611
17.156466
17.181888
17.281343
17.186069
17.354172
17.348517
17.348518
