0.940179
2.407772
21.001284
6.158606
33.351313
2.481356
18.558418
15.602843
89.394929
31.950270
1.905792
2.518823
11.820162
11.483400
17.936265
18.031634
18.965599
1.185995
28.444263
1.495242
6.928756
2.226081
12.923570
0.234812
2.918711
3.286716
28.331654
36.775211
3.608696
4.911452
2.571902
5.077989
17.062984
24.414388
0.593926
6.443762
25.761073
9.521880
4.141721
5.971282
13.898545
0.296689
2.395921
11.466396
1.212078
30.197727
26.868768
11.872194
1.620817
19.135644
12.115194
32.363147
48.311029
35.706455
2.760966
3.173822
21.876479
11.959883
16.412162
6.207112
15.442282
0.824192
9.990789
5.547389
26.196094
8.736846
4.487344
21.546622
7.128189
17.837867
1.690161
6.208162
18.614010
11.735549
6.639150
7.926033
25.826807
7.636689
48.439261
0.560049
6.909832
7.513043
1.534934
9.575280
19.475068
1.945186
0.295842
24.775776
12.565807
103.504421
11.175251
6.296528
7.675613
8.370316
54.407629
4.901037
67.195464
0.669612
8.230022
11.247586
12.513473
45.257876
0.760061
17.155060
6.754608
10.728991
56.670127
6.837340
62.193393
42.997879
0.637320
2.786095
25.850927
7.117114
58.264528
10.560221
23.806053
23.926749
47.234925
42.705969
8.464116
5.894843
10.332495
69.048889
26.235197
2.865233
1.457724
18.600940
1.361921
5.738474
1.892662
27.230037
10.397892
40.606010
20.314473
21.920520
82.967206
9.855612
3.147186
43.478990
8.973846
54.849844
23.645033
12.251382
20.882406
29.583632
5.224242
7.539197
26.122802
22.466416
2.434853
8.556016
10.859722
19.784458
63.376592
14.096573
30.556409
7.892088
4.956271
7.149959
5.307335
10.202820
20.870321
25.333735
9.455781
28.328449
3.088697
19.098460
4.133382
22.539969
21.503553
34.288198
0.798885
46.436039
16.364449
17.348694
