0.387133
0.991436
8.647588
2.535897
13.732894
1.021735
7.641701
6.424700
36.809676
13.155994
0.784738
1.037163
4.867125
4.728459
7.385521
7.424790
7.809364
0.488351
11.712343
0.615688
2.853017
0.916622
5.321470
0.096687
1.201822
1.353354
11.665975
15.142734
1.485934
2.022363
1.059018
2.090937
7.025935
10.052983
0.244558
2.653314
10.607501
3.920774
1.705414
2.458763
5.722930
0.122166
0.986556
4.721457
0.499091
12.434358
11.063610
4.888550
0.667395
7.879383
4.988609
13.326002
19.892777
14.702658
1.136868
1.306868
9.007962
4.924658
6.757949
2.555870
6.358587
0.339373
4.113854
2.284219
10.786627
3.597525
1.847730
8.872139
2.935137
7.345004
0.695949
2.556302
7.664593
4.832285
2.733767
3.263661
10.634567
3.144519
19.945578
0.230608
2.845225
3.093606
0.632032
3.942762
8.019146
0.800959
0.121817
10.201790
5.174156
42.619468
4.601574
2.592688
3.160546
3.446601
22.403141
2.018074
27.668720
0.275722
3.388833
4.631359
5.152607
18.635596
0.312966
7.063848
2.781309
4.417820
23.334758
2.815375
25.609044
17.705009
0.262426
1.147215
10.644499
2.930577
23.991276
4.348326
9.802492
9.852191
19.449675
17.584811
3.485224
2.427288
4.254557
28.431895
10.802728
1.179802
0.600239
7.659210
0.560791
2.362901
0.779332
11.212368
4.281485
16.720122
8.364783
9.026097
34.162967
4.058193
1.295900
17.903114
3.695113
22.585230
9.736190
5.044687
8.598638
12.181495
2.151159
3.104375
10.756448
9.250877
1.002586
3.523065
4.471650
8.146541
26.096244
5.804471
12.582051
3.249683
2.040817
2.944101
2.185373
4.201161
8.593662
10.431538
3.893557
11.664656
1.271816
7.864072
1.701981
9.281164
8.854404
14.118670
0.328953
19.120722
6.738302
7.143580
6.798174
7.113062
6.577841
1.448762
3.527262
22.679629
3.806627
22.249805
8.271670
0.407801
10.962943
5.716748
1.455123
0.315239
6.820770
5.485935
0.854327
0.000705
13.739203
2.015761
0.149253
2.841079
2.609269
1.752352
1.042770
12.463680
20.537835
8.437349
3.835739
2.098210
11.996185
0.172428
5.054215
7.318661
3.123050
2.735711
4.071024
7.914484
13.163832
3.063714
2.548113
4.155824
6.394559
11.421978
4.232000
1.062457
7.025953
11.522780
4.050755
3.887176
5.895910
1.668519
3.064389
2.574608
1.281598
14.915524
0.978121
20.216470
0.661964
6.755611
1.268171
8.613383
5.793055
4.183464
7.533062
1.383191
0.219368
2.209093
21.827775
10.097817
2.838005
1.388052
5.307953
3.467046
0.024167
3.166080
7.820189
5.001896
9.258175
5.576363
0.563757
1.217835
0.513255
8.179514
11.900640
4.716116
2.494572
16.534344
5.930557
14.252876
0.110807
0.702265
9.073459
7.207524
11.978055
4.412364
19.850195
8.449787
0.688690
24.279136
6.714688
2.991470
0.299604
4.058693
0.729250
9.000319
20.112356
11.734307
4.310196
0.642449
0.116604
3.894648
0.935005
6.305992
2.172862
2.033727
11.016907
26.958328
0.192418
11.840876
15.210345
5.252534
7.299831
7.477972
1.228122
7.177710
1.924155
2.192925
5.425213
0.328889
5.055737
9.593385
18.994593
4.391209
1.177163
8.505486
4.911903
0.410024
2.008033
0.322370
6.575678
3.102870
0.904743
6.566776
3.010509
5.707865
0.740342
6.169388
13.185192
10.691879
5.033714
14.533416
5.557408
0.492351
5.264934
31.092415
6.541147
0.383232
7.899302
0.081612
5.122670
12.674512
2.929854
8.163256
18.516910
4.001800
4.881985
5.747924
25.819221
8.884762
12.377112
8.522556
3.418327
5.709954
4.475422
3.745724
0.597443
23.368701
7.537135
9.752731
13.997278
8.193442
7.202487
3.704823
3.932985
2.196982
29.738787
2.986676
4.477806
0.640820
10.205368
2.163912
27.023200
4.732399
4.488952
6.354176
10.636642
4.740812
23.620465
1.447065
14.793208
0.680053
21.885698
3.114043
5.497523
6.078783
3.087625
5.790418
4.868503
1.823480
0.485081
10.479614
14.359527
2.393323
4.415217
3.729753
5.035368
3.908857
1.917852
1.882718
5.631649
2.340237
3.738379
3.640424
7.128577
2.439921
30.772888
0.438254
4.520373
4.128261
3.795389
18.722577
7.286140
3.001826
6.206635
22.342010
55.384078
2.674020
3.273880
22.445346
0.528920
23.983160
7.231643
0.880216
8.944565
1.883276
4.780715
3.031743
7.530939
1.464637
2.462392
1.286706
1.590517
1.343504
10.909488
2.273720
4.925206
4.707462
13.564759
1.113852
0.153507
0.273759
3.171610
18.053050
7.972585
7.429700
3.454828
6.634670
8.329281
3.904070
2.984844
1.807886
0.738318
0.215342
3.100778
13.738009
0.686268
12.244965
8.955138
5.387021
3.360480
9.825381
6.425590
4.122984
1.871530
5.645083
8.042551
3.038659
5.958797
1.274229
5.561260
0.533519
3.121032
3.749714
1.477501
1.507076
28.775473
6.401430
11.234393
0.137265
2.933704
1.156003
1.472689
2.649136
0.371097
3.386989
7.337054
15.202654
4.663998
3.473358
5.069833
16.578573
1.733563
0.980249
8.467913
3.895753
4.753373
18.538325
16.289069
3.259554
0.062214
0.861720
0.732194
0.068533
2.362144
3.350324
3.472165
4.943512
14.315365
0.100593
8.786081
1.818442
2.356965
15.144418
5.226811
9.239539
2.128215
11.650532
9.618654
0.814765
12.991851
1.991417
19.362714
3.919661
12.462807
18.746723
0.771995
5.048962
0.320231
5.095706
1.737615
19.291607
3.880159
10.765342
17.503847
13.366445
3.357462
14.520943
9.766022
6.382817
2.476810
0.230989
14.539330
7.551119
5.951320
1.095794
8.040072
18.892079
2.010354
0.383292
0.502537
21.499226
1.185067
9.524883
3.210866
5.097181
0.987247
6.997909
10.837619
4.060693
12.092214
5.329315
2.429632
14.918012
1.280179
9.283857
7.344765
5.092227
6.995038
4.825116
5.171724
32.197100
6.185859
12.939816
21.593847
1.579899
10.869856
6.381300
0.694851
4.239486
2.796976
0.010456
0.349210
0.137380
0.846791
26.130443
1.732566
10.100742
0.730208
7.861171
8.654384
17.853871
0.023997
1.558223
2.824895
13.328819
12.648823
2.654612
16.548055
4.469217
12.330948
1.574459
13.113541
2.240656
2.941113
9.336830
2.079648
13.006809
3.040538
23.642270
2.774044
10.595492
1.714016
9.870150
1.673667
2.685077
3.252648
0.729303
0.343550
14.651408
9.157115
5.121429
8.923683
0.360803
0.090784
31.000162
0.484246
3.669929
2.875841
7.531697
24.783833
2.149040
6.625954
3.420908
4.555667
8.973210
1.266553
3.532441
5.295687
9.106656
0.903761
7.509325
2.339642
4.518145
3.447757
12.528837
2.763895
7.512496
10.053213
3.703925
10.569465
7.134364
8.450425
3.695118
27.126860
3.977941
4.233644
2.861455
11.668500
1.330110
4.615579
2.556657
3.158844
17.209679
15.093317
14.887951
4.955444
4.066842
5.607351
1.631992
3.276230
0.809178
5.433111
0.907103
16.742552
14.167891
0.368119
16.444481
11.424414
9.390575
5.253103
4.840353
1.600609
6.102240
0.897153
6.263177
23.251265
7.820843
30.332286
3.690106
6.143035
3.949873
6.178663
2.760043
9.884779
11.783254
3.328494
23.892271
1.012283
2.503910
24.336641
18.112312
5.520744
4.467432
2.778832
30.505276
14.592090
0.551873
4.712856
12.566237
2.286195
6.666815
3.754042
7.387036
2.410218
1.002278
5.653539
8.401651
4.626457
0.521204
6.422029
7.110041
0.484308
11.398205
2.836546
4.465911
10.842861
0.930615
0.740334
5.374520
3.765588
1.436521
8.479814
15.125100
1.521821
14.929475
5.466996
3.439018
28.775615
6.689192
13.392343
10.944194
5.126984
1.091845
3.425541
0.490840
12.068282
1.139482
4.732030
1.400496
13.111802
3.960385
10.733007
16.407846
6.940519
5.649141
1.324740
13.133627
5.135769
2.001615
11.512086
1.664380
13.860166
3.782320
4.578655
2.237856
2.713251
4.779035
4.877666
9.149644
6.163662
4.661462
3.670617
1.115778
3.028173
8.166694
2.637507
0.593578
4.692014
3.820918
0.810000
6.178024
4.874479
10.532282
12.865550
14.960188
6.175914
4.602161
3.666859
11.348078
2.005573
2.552203
0.310711
10.055384
25.005396
14.542876
8.983810
3.988035
13.580944
1.579292
4.165687
1.028963
8.885513
2.341288
6.403000
1.026807
14.888965
2.920114
4.368643
17.855450
13.442623
10.814225
0.600296
0.163595
0.349302
6.847598
1.845245
5.700916
15.310851
14.190023
1.430697
27.193627
19.831950
2.588257
2.087249
10.164904
1.055447
0.607524
9.707487
1.180550
4.039865
2.436558
6.723690
0.882366
10.999056
3.996493
12.493495
5.224434
23.226155
3.714007
8.625648
2.010268
6.638968
1.373586
7.122800
16.109412
16.693593
14.800837
4.135733
25.311411
14.986202
8.732766
0.251045
4.831059
0.616167
3.103858
4.814879
0.477672
0.584826
0.052049
6.211279
1.131962
3.591083
7.307851
1.029154
13.407366
0.477352
0.146587
2.849648
7.604268
9.014159
2.495683
2.213090
0.371700
2.742823
6.467462
3.692411
24.041806
9.357547
12.807403
11.376322
7.800909
20.646167
0.943357
21.987357
15.504979
0.247097
1.764642
0.453299
12.191141
18.471990
3.304853
4.347302
22.164659
0.666639
19.196689
5.543742
3.866365
0.648350
0.917176
15.346244
1.460455
16.050349
21.903247
7.582585
1.462984
0.372737
0.794212
4.923650
1.390953
19.285749
13.647427
10.084125
42.467061
0.516751
0.656752
16.442392
3.922882
5.108011
1.225232
17.134062
0.191890
2.250627
1.871816
0.433161
4.480367
3.603889
4.434911
6.234638
3.200944
1.903991
4.630123
0.918956
7.374260
6.338728
9.880159
0.367545
1.109909
12.181943
11.476928
2.296685
10.020297
2.489494
3.330108
15.074889
1.136212
2.717379
11.553594
2.673835
4.890799
11.351324
7.821269
20.511544
0.287219
5.381130
5.713862
3.470737
4.993884
7.957168
6.045797
8.041346
8.866070
5.679791
2.198062
3.939022
33.960856
8.473572
0.452702
23.540143
0.832560
19.469689
4.593340
14.157883
18.234038
0.986925
8.446941
1.779804
1.839299
0.281341
6.751399
0.710448
9.253130
2.265226
1.148582
10.520656
0.143093
9.195693
1.865101
6.472168
2.372398
11.363936
12.864988
2.158332
8.933716
3.268811
0.376536
19.424493
0.817551
20.150614
8.048308
18.775499
8.612177
0.988548
3.876418
