1 4.88 4.88 0.00
2 26.99 15.94 11.05
3 16.85 16.24 9.03
4 20.07 17.20 8.00
5 53.03 24.36 16.02
6 17.51 23.22 14.84
7 38.54 25.41 14.75
8 5.38 22.91 15.31
9 2.77 20.67 15.76
10 3.10 18.91 15.85
11 57.12 22.39 18.68
12 11.53 21.48 18.14
13 2.85 20.05 18.12
14 1.70 18.74 18.09
15 28.20 19.37 17.63
16 17.28 19.24 17.08
17 5.57 18.43 16.88
18 8.25 17.87 16.57
19 47.43 19.42 17.43
20 0.32 18.47 17.49
21 1.86 17.68 17.43
22 32.34 18.34 17.30
23 6.53 17.83 17.09
24 10.76 17.54 16.79
25 50.08 18.84 17.64
26 15.34 18.70 17.31
27 2.28 18.09 17.27
28 1.74 17.51 17.23
29 50.92 18.66 17.99
30 43.93 19.50 18.26
31 15.69 19.38 17.98
32 2.09 18.84 17.95
33 5.18 18.43 17.83
34 62.76 19.73 19.10
35 16.45 19.64 18.83
36 5.97 19.26 18.70
37 0.87 18.76 18.69
38 9.12 18.51 18.50
39 4.61 18.15 18.40
40 6.61 17.86 18.25
41 69.93 19.13 19.74
42 30.69 19.41 19.58
43 15.26 19.31 19.36
44 76.31 20.61 20.94
45 33.03 20.88 20.79
46 1.74 20.47 20.75
47 4.56 20.13 20.66
48 23.22 20.19 20.44
49 12.06 20.03 20.27
50 18.10 19.99 20.07
51 54.60 20.67 20.44
52 39.85 21.04 20.41
53 2.17 20.68 20.38
54 31.28 20.88 20.24
55 11.52 20.71 20.10
56 6.42 20.45 20.01
57 77.51 21.45 21.20
58 13.99 21.32 21.04
59 18.76 21.28 20.86
60 11.99 21.12 20.72
61 19.95 21.11 20.55
62 7.11 20.88 20.46
63 5.42 20.63 20.39
64 11.71 20.49 20.26
65 3.78 20.24 20.21
66 33.48 20.44 20.12
67 1.18 20.15 20.10
68 2.46 19.89 20.07
69 15.11 19.82 19.93
70 9.84 19.68 19.82
71 24.16 19.74 19.69
72 10.03 19.61 19.59
73 10.01 19.48 19.48
74 1.16 19.23 19.47
75 38.35 19.48 19.46
76 2.56 19.26 19.43
77 2.95 19.05 19.39
78 35.12 19.25 19.35
79 19.52 19.26 19.23
80 23.20 19.31 19.11
81 8.93 19.18 19.03
82 29.77 19.31 18.95
83 28.67 19.42 18.86
84 18.93 19.42 18.75
85 30.09 19.54 18.67
86 31.49 19.68 18.61
87 18.29 19.66 18.50
88 0.00 19.44 18.51
89 19.75 19.44 18.41
90 10.62 19.35 18.33
91 0.23 19.14 18.34
92 6.76 19.00 18.28
93 20.27 19.01 18.18
94 1.44 18.83 18.18
95 9.51 18.73 18.11
96 6.46 18.60 18.05
97 0.85 18.42 18.05
98 36.15 18.60 18.05
99 32.75 18.74 18.01
100 6.89 18.62 17.96
101 33.34 18.77 17.93
