7
7
11
9
5
6
4
5
8
8
3
5
7
6
11
6
3
9
5
7
7
2
11
9
9
9
7
7
5
8
6
7
3
5
3
10
8
4
9
3
10
7
8
3
10
7
4
10
7
7
11
3
10
3
6
4
10
6
9
6
8
6
6
10
7
8
7
2
5
9
7
7
11
6
8
7
5
5
8
7
5
3
7
10
7
5
10
6
11
5
11
6
3
5
6
9
10
8
7
8
8
3
3
6
8
3
7
6
3
10
10
6
5
5
8
8
4
9
9
7
8
4
8
8
7
10
5
5
7
4
10
9
11
8
10
5
8
3
10
7
7
7
4
8
7
10
10
6
6
4
5
6
4
7
6
5
10
5
6
7
8
4
10
5
3
6
11
5
9
8
6
5
9
4
7
10
11
11
2
3
4
9
12
4
10
11
7
6
10
7
6
3
6
9
6
5
11
5
12
12
12
10
7
8
12
7
11
8
10
5
5
7
4
12
8
7
10
6
6
11
9
6
8
7
2
5
6
8
9
6
2
8
7
5
11
5
7
8
8
7
11
2
5
8
6
3
4
8
7
12
6
8
8
3
12
5
11
7
6
9
8
8
8
11
4
8
12
4
6
7
2
12
4
8
7
7
8
2
7
9
6
10
10
9
7
7
7
8
7
6
9
2
4
8
6
7
12
7
5
2
11
2
7
5
3
2
5
4
9
7
8
9
10
4
3
4
5
10
9
6
11
7
6
6
4
5
2
6
8
5
8
9
10
7
10
6
5
10
5
7
8
6
10
5
6
4
8
9
5
7
8
7
6
8
3
12
6
5
10
7
