6
10
11
5
8
3
9
5
6
7
5
10
9
5
6
6
4
5
7
12
7
6
9
9
5
3
5
4
12
9
6
10
7
8
5
7
5
9
8
6
6
2
8
2
7
6
9
11
9
7
5
6
9
8
4
4
3
7
6
3
5
4
5
6
4
6
10
5
9
4
3
9
7
3
5
5
3
6
6
9
10
6
3
4
3
11
6
11
9
7
8
11
4
10
9
3
8
10
5
8
8
6
7
5
10
11
9
8
6
6
5
8
6
6
8
11
6
10
8
6
4
12
9
10
6
7
8
3
7
6
9
11
8
3
9
7
8
12
3
3
3
8
9
7
6
4
2
9
6
5
9
2
10
6
11
3
5
7
4
3
3
8
10
7
7
3
3
8
7
9
9
6
6
5
4
3
4
9
8
5
9
9
10
6
11
7
4
7
3
6
7
8
11
6
2
11
7
8
2
7
5
9
7
8
12
7
4
9
7
9
9
8
8
7
4
3
7
9
5
10
6
7
11
5
8
7
5
8
6
4
2
6
8
11
6
5
12
3
7
10
9
10
8
6
4
7
12
3
7
5
4
4
5
10
5
9
9
6
3
8
6
5
9
5
6
4
6
7
10
7
7
2
6
8
3
9
7
6
7
6
8
3
8
6
7
4
11
4
6
11
6
9
5
9
5
5
10
6
8
11
8
5
4
8
4
7
7
4
7
6
7
3
4
11
3
5
10
7
6
7
8
8
6
2
4
9
7
6
3
6
10
8
5
11
10
6
9
8
3
3
6
11
8
4
7
9
6
10
4
9
5
6
4
3
4
2
4
10
10
5
