5
3
2
7
10
5
8
5
8
5
7
7
8
5
12
3
7
6
3
6
6
7
7
9
11
6
4
8
10
11
3
10
7
3
9
6
2
6
10
10
7
9
6
7
7
2
6
3
7
8
6
11
11
10
8
7
6
2
6
6
6
9
4
9
9
5
11
8
4
10
6
6
5
10
7
5
2
8
10
4
11
7
8
5
9
10
6
2
6
7
6
2
6
7
2
8
5
6
7
6
5
9
7
9
3
4
8
3
4
8
4
5
9
7
4
10
4
11
11
4
4
8
10
6
3
7
6
6
7
3
6
9
6
9
10
7
9
7
3
9
9
4
7
2
9
5
7
6
10
11
10
8
8
7
8
6
7
11
8
5
7
8
4
9
7
11
6
7
6
6
6
7
8
8
3
9
7
3
9
7
10
11
8
7
4
2
6
3
4
9
9
10
9
9
5
9
4
10
12
6
6
2
7
12
10
10
4
7
5
10
8
7
6
9
6
5
7
9
5
8
7
6
9
10
2
6
5
4
6
4
11
7
6
4
9
11
12
3
4
11
9
4
6
7
7
12
6
11
6
7
10
8
2
8
4
5
7
6
5
3
5
2
11
5
3
8
8
8
6
7
7
5
7
2
8
5
6
8
4
7
9
5
11
2
7
6
11
6
3
7
8
9
3
7
4
6
6
10
7
8
7
8
3
9
5
2
5
7
3
9
3
10
5
5
2
4
6
10
7
3
9
6
5
10
3
6
7
6
8
8
9
10
2
3
6
9
6
8
7
8
8
7
7
6
10
8
4
10
5
6
9
8
5
5
8
7
4
5
2
5
