7
11
8
6
8
4
5
3
3
6
9
4
4
9
11
11
9
10
4
8
3
7
8
7
7
9
5
11
10
3
9
7
10
4
8
8
12
4
11
8
5
7
11
5
7
7
4
6
4
10
5
11
7
8
9
6
8
8
8
8
9
5
6
7
5
4
5
12
7
10
2
9
2
8
6
6
9
6
6
8
12
9
6
6
7
8
5
11
8
3
7
9
4
7
8
3
6
6
9
6
2
7
7
5
7
5
9
11
5
8
9
5
11
6
7
3
5
8
10
6
9
6
4
6
8
6
7
6
7
7
10
8
5
6
3
7
7
10
10
7
7
7
11
7
7
9
4
9
4
11
10
8
9
9
9
7
6
9
7
7
7
4
9
10
7
2
11
7
6
5
10
8
8
6
11
9
5
6
8
5
8
5
6
9
7
8
8
7
11
10
9
9
6
5
7
10
12
7
8
2
5
6
6
8
7
12
2
6
8
7
10
7
7
12
10
3
8
7
6
2
3
10
8
5
7
5
6
8
11
5
8
6
8
11
8
6
7
7
9
7
7
8
3
10
6
4
10
6
9
11
5
7
10
5
2
9
2
7
6
4
4
6
8
10
3
5
7
9
6
7
9
6
5
11
4
8
9
9
9
4
6
10
10
11
4
6
2
3
7
9
7
4
8
8
6
10
10
9
5
7
7
5
5
4
9
3
6
6
11
7
5
5
4
7
5
10
7
6
6
4
7
4
8
11
8
9
8
5
8
8
6
5
8
3
12
12
10
2
8
10
3
7
5
5
6
3
4
9
7
10
7
8
10
8
4
10
8
7
9
4
