0.781832
1.521576
2.247004
0.484262
2.193189
1.702039
1.324113
2.931702
0.855770
1.117111
1.263037
0.524351
2.033873
1.193371
0.524015
2.093873
2.793199
2.508174
1.243258
2.560986
2.157138
0.963830
2.174487
1.827337
2.518798
1.168497
2.703232
1.746112
0.980135
1.155271
2.306460
2.365505
2.392765
1.832890
1.933083
2.024162
1.876654
2.170476
2.342671
1.523411
2.637573
2.056460
1.291706
2.803780
1.206395
0.568432
0.326004
1.779638
2.857756
2.223850
0.357940
0.622744
1.852870
2.219900
1.623576
2.872041
0.668436
2.224889
1.142049
1.265963
0.900730
1.649840
1.168621
1.334757
2.025375
1.823455
1.968784
2.283824
2.286422
0.718567
2.405522
2.684133
1.408631
2.900978
1.155808
2.390140
1.163802
2.287065
2.263152
2.163961
1.422843
1.980492
1.213505
2.195642
1.285839
0.920867
1.915824
2.859423
1.344369
2.255934
1.482702
2.130752
2.565674
1.435662
2.000810
1.985723
2.308386
0.899954
1.896099
0.812089
1.671401
1.279074
0.558138
2.006663
2.765947
1.778316
1.537127
2.023565
2.717732
2.858049
0.840327
1.936141
1.495321
1.243961
2.276623
0.743528
1.735846
2.425259
1.157467
1.581541
1.881971
2.434409
0.579638
2.118533
1.265282
2.847743
2.814101
2.762498
2.801960
1.558908
2.573344
2.172594
2.297037
1.356108
2.243421
2.178778
1.505680
2.292317
1.695497
1.463496
2.532492
1.918484
0.784019
1.957730
1.878508
2.596644
2.675148
1.839806
0.888165
0.967802
1.928131
1.530785
2.043633
0.156740
2.102564
1.163343
1.959926
2.767762
0.474553
2.004915
1.969528
1.235434
1.905736
2.863203
1.723151
1.045417
2.731128
1.514028
1.093851
1.440916
1.377067
1.078037
2.141197
0.929905
2.696937
0.905869
1.245384
1.691014
2.208671
0.411137
0.732428
2.029358
1.073720
1.920154
0.858142
1.915719
1.925740
1.162841
1.453276
1.168867
2.712748
2.013735
2.121739
2.210283
1.942671
2.886936
1.754964
1.257054
1.681638
2.574310
2.098265
1.680549
1.248317
2.809613
1.745544
1.931155
2.438932
0.541952
1.863277
1.028462
1.871887
1.094890
2.175033
1.827700
2.489468
1.861284
1.070495
0.490804
1.483421
1.473114
2.011511
2.494474
2.491385
0.848059
2.272542
2.012185
2.199280
2.331766
2.192512
0.834104
1.679839
1.494505
1.437496
2.650251
2.004703
2.018512
1.339903
2.099693
1.637143
2.527098
2.788477
2.623339
1.428273
2.112364
1.279124
1.387593
2.148902
0.788134
0.977984
2.821372
2.821935
2.602099
2.398630
1.966774
2.383423
1.041508
1.272634
1.838800
2.452252
2.117451
2.531355
1.956745
2.670597
2.194729
1.880458
1.824520
2.394783
1.702659
2.468793
1.185506
2.510516
1.824494
0.908596
2.284910
2.647075
1.433150
1.231525
1.382501
1.160172
0.192129
0.599474
1.615312
1.719504
0.677543
1.794061
1.652778
1.221153
0.820076
2.124004
2.172070
1.853005
1.481740
1.858214
2.616540
1.995193
0.997800
0.511300
1.385082
1.985207
2.774188
2.602582
0.986334
1.846460
2.051892
2.667545
2.669244
1.444193
1.805158
2.536585
2.223354
1.743977
0.901898
2.249677
2.441475
1.882941
1.269533
1.782719
2.363404
2.655554
2.160926
2.103848
1.895623
1.242654
2.591511
2.894360
1.822915
0.795967
1.865528
1.870754
2.749172
1.582042
2.916862
1.254512
0.590101
0.960185
2.238948
1.965223
2.325411
0.480354
1.747251
0.828563
2.280213
0.519884
0.201854
0.604271
1.508888
2.733185
2.319714
2.261617
2.211434
1.474745
1.888878
2.382929
0.664099
0.747859
2.581863
2.541823
0.690122
2.530668
1.030835
1.872774
1.260280
1.190437
1.457736
1.478714
0.508294
1.937510
1.315510
2.038323
0.795043
2.116923
2.308638
1.820861
2.219903
2.219172
2.335640
2.244152
0.569483
1.464270
2.064685
2.143928
0.886798
2.589757
1.255690
1.620721
1.916381
1.434703
2.726514
2.269337
1.251760
1.752690
1.937619
1.835188
1.116272
2.666138
2.701823
1.403377
1.427796
2.138303
0.534606
1.026195
1.580192
1.218304
1.096961
1.590265
1.036929
1.575221
1.803441
1.315680
2.700869
1.708572
1.700447
1.721735
1.947933
1.936886
1.549424
2.870583
2.198576
2.486079
2.197403
2.138981
0.574276
2.647311
2.041752
2.281076
1.869069
2.853669
1.271551
2.337670
2.552722
1.248847
0.501083
0.789551
1.817789
1.970449
0.158313
1.809040
2.200568
2.407663
2.613418
2.630391
1.745330
1.856793
2.353657
1.706606
1.032675
1.320931
1.072231
0.405424
2.351207
2.574750
1.291159
1.035351
0.107313
1.861100
1.306799
1.846323
2.051687
2.502537
2.851442
2.120399
2.166897
0.856954
2.863657
1.993751
0.795892
2.463643
2.675358
2.279595
0.977789
1.953192
1.243459
1.848533
2.827404
1.721050
1.817471
2.587358
1.642594
2.088363
1.278890
1.726544
0.836972
2.080116
2.923314
2.219620
1.285244
1.588690
2.119864
2.094874
1.677630
0.675802
0.672090
2.009806
2.378799
1.930763
2.334485
1.647613
1.181519
2.749871
0.498695
2.333709
1.817102
1.558414
2.001109
2.657856
2.280638
2.337792
0.845201
2.200626
2.851899
1.045211
1.888931
1.508920
1.992508
2.005782
2.385697
1.558039
0.641285
0.907229
1.802183
2.212342
1.287263
1.392626
2.748160
2.076178
1.502042
2.251832
2.152580
2.026462
1.427868
1.772507
2.737624
0.832732
1.345452
1.255867
1.684823
1.851263
1.581328
2.905188
0.568994
1.451783
2.178438
1.874117
1.936225
1.532215
2.906293
2.483556
2.388674
1.161184
1.614568
1.490628
1.266325
2.522761
2.037158
2.278429
1.618597
2.493309
1.142633
2.227586
2.183913
1.722180
1.599573
1.758939
2.074677
0.167335
2.252833
2.015121
2.287666
1.314399
1.633882
1.775253
2.006627
1.175085
0.950729
2.782065
0.893211
2.457641
2.084090
2.347732
1.460285
1.550176
1.051922
1.874784
1.753579
2.113686
2.081371
2.347517
1.508274
1.467815
2.276676
1.943321
1.263362
1.061048
2.631779
2.204010
2.081948
1.915041
2.611976
0.575059
2.916580
2.462638
2.426806
1.233826
1.984106
1.199385
1.285175
1.555077
1.398914
2.254251
2.664797
2.206258
0.591870
0.844686
0.885161
0.897187
2.891106
0.802345
2.582167
2.436491
1.672384
1.307110
0.598139
2.213092
2.073049
1.555224
1.294787
1.982450
2.132013
0.844421
1.001299
1.751385
1.826464
2.757157
2.410183
2.564720
1.948380
2.038259
0.466814
1.817803
1.869768
2.051474
0.893343
1.726671
2.538735
1.440852
1.804563
0.701383
1.962225
1.954544
2.185320
2.676517
2.382817
1.018918
1.707498
2.382540
0.846117
2.239791
0.720056
2.777022
2.404814
2.371412
1.870237
1.598711
2.500517
1.821404
1.109637
2.352698
2.275394
2.595236
1.305632
1.634622
1.612520
1.804652
2.428229
2.658342
2.069121
1.864373
2.117965
1.969930
0.331039
2.274820
1.487818
2.887517
2.446461
1.661897
0.736029
0.687479
0.895082
1.722356
1.576088
1.510377
1.914174
2.335601
0.615018
0.612362
2.783156
2.588454
2.394775
0.488116
2.326256
1.642180
0.952767
1.787394
1.151440
2.308927
1.911213
1.246562
2.133847
0.834576
2.180326
2.403003
2.733695
2.487101
2.811636
1.975789
1.722848
1.027383
2.646447
1.456822
2.412181
2.110081
1.135312
1.492835
2.002723
1.089774
0.905426
2.301460
2.450995
0.460263
1.333885
1.503151
2.342465
1.772773
1.354507
1.129799
1.933737
2.292083
2.134988
2.454128
1.386167
2.472078
1.750687
1.869914
2.399854
2.176063
1.040161
0.979443
2.869563
1.205766
2.971292
1.687636
1.928284
1.636252
1.710656
2.096909
1.567223
1.918053
2.550406
2.247201
0.826231
2.402378
2.498086
0.393282
0.880880
1.709145
2.502843
2.687067
0.810609
1.990159
2.806895
1.200155
2.321983
2.666209
1.858738
1.961172
1.646459
0.961071
1.609164
2.193129
1.827038
2.375167
2.220283
1.393409
2.514972
2.652862
1.834461
2.334727
2.363126
2.899851
2.635298
2.502958
1.252371
2.174136
2.924700
0.932263
2.469325
1.176040
1.595863
2.157997
2.724094
2.105113
0.376530
1.751375
0.690878
2.609266
2.116309
0.876608
2.764787
1.632282
2.616772
0.392341
1.228144
0.770849
1.876448
2.472408
2.180569
0.942905
1.612438
1.627923
0.947484
2.658678
2.783034
2.829762
2.194645
2.434057
2.740631
1.229609
2.580652
0.761702
2.835750
2.475562
0.943062
1.152458
2.174229
1.788033
1.761980
2.320984
1.581701
1.799624
1.451783
2.028373
2.274910
1.634676
1.499354
1.296230
1.643474
1.817461
0.836435
2.564961
1.962450
2.632271
1.397716
2.041948
1.021361
2.097307
1.377656
0.220905
1.807418
0.953758
2.494469
1.513106
1.850524
0.738415
2.464868
2.354809
1.859451
1.933852
2.517311
2.163302
1.494037
1.118425
0.685822
1.933979
0.313160
1.417305
2.087391
2.858359
1.078053
0.591834
2.209674
1.892802
1.554320
2.016204
1.609324
2.476351
1.520731
0.703719
2.236591
0.774268
1.455661
1.593395
2.378427
2.281253
1.860977
2.197430
1.893521
2.948976
1.911184
2.088750
1.743848
2.918026
1.188193
2.688487
2.015634
1.167904
0.987303
0.736764
2.557171
1.994509
1.170263
1.997699
1.244876
2.190438
0.689259
1.591396
2.821019
1.218130
2.863319
2.809628
1.613095
2.318919
1.155007
1.657487
1.392439
2.557919
1.780816
2.801997
1.604541
0.080699
1.654730
1.358480
2.199405
2.929392
2.143680
2.141763
1.084059
1.306017
1.794133
1.558919
1.442748
1.877119
2.380068
0.700163
2.908712
2.584547
2.122105
1.031907
0.924890
2.918594
2.091110
1.337998
2.562778
1.469276
1.848852
1.106987
0.998543
2.392083
1.386488
1.325091
1.814232
1.655144
2.029810
0.729078
2.265818
2.762892
2.248808
2.209441
2.139756
1.477148
0.205347
2.210923
1.076109
1.657564
0.663799
0.741160
1.520968
2.099121
2.544544
0.583499
0.824084
2.277411
2.476428
1.941848
1.873605
2.750904
2.762583
2.679960
0.718562
2.365745
2.378466
2.725123
2.048744
2.774084
2.114587
1.976948
2.311174
1.350281
0.536054
2.115043
1.973076
