11
11
7
7
10
6
12
11
6
12
6
2
8
5
3
7
5
7
7
10
12
6
7
8
8
7
4
7
4
10
9
5
2
7
6
5
6
10
11
10
7
3
3
12
5
2
8
6
5
11
5
6
11
9
8
8
8
10
12
10
6
4
12
7
5
9
12
12
10
6
9
3
5
11
6
7
11
5
11
8
9
4
6
6
7
9
6
8
10
4
8
8
5
10
9
7
10
6
8
2
10
5
7
8
9
9
5
7
6
3
8
7
8
9
7
9
4
10
3
11
7
12
7
6
6
9
6
11
6
10
3
7
2
7
4
4
11
6
6
7
7
10
8
8
3
2
2
12
9
5
12
7
10
9
4
11
10
8
9
6
7
6
8
9
6
3
4
5
7
8
4
7
6
8
11
7
10
8
6
3
11
7
11
6
2
5
5
5
9
9
5
6
9
9
7
8
7
5
4
8
4
4
10
7
6
5
6
9
7
4
4
5
9
11
7
7
10
8
5
8
4
11
9
9
7
6
5
8
10
8
5
7
9
6
10
6
10
8
5
8
4
4
6
9
6
9
5
7
4
4
4
3
6
6
6
5
5
6
8
9
10
12
10
9
5
7
9
5
3
8
3
9
4
2
6
6
5
11
3
12
4
5
4
8
7
8
7
5
5
7
6
7
9
4
5
4
7
8
3
7
12
3
7
6
6
7
3
12
8
4
8
7
5
6
11
8
8
6
5
8
11
11
5
5
11
4
4
6
6
9
4
5
10
6
5
12
9
11
4
5
6
7
8
8
2
4
6
9
8
12
12
7
9
8
6
5
5
4
7
3
