0.360822
0.142537
6.95958
6.42955
3.21919
0.120597
3.90335
2.76141
0.385903
1.07567
3.95891
1.22258
0.0553718
4.32848
1.355
0.077649
0.683074
2.69152
4.51028
2.6364
1.83529
3.76723
2.08937
3.38628
0.052799
3.64191
2.53482
0.241145
4.16085
0.969346
1.7815
2.31361
2.54193
2.33102
4.07401
1.20262
0.0984082
1.05087
1.30873
0.244898
6.7197
3.8675
0.0799214
4.00004
0.0573276
1.98776
0.399784
1.86439
0.447589
2.5257
7.04464
2.16823
1.32906
2.66226
0.0150851
4.48001
2.47662
0.0722078
2.15096
3.68415
0.665397
0.366764
0.535948
3.35607
2.18
1.83144
5.97924
2.02148
0.440329
2.34734
0.966697
2.31629
4.49221
0.263171
9.36802
0.169079
0.277217
1.305
0.853478
1.86821
7.83624
1.3574
0.00430038
2.53158
3.89745
1.34858
0.37719
2.4796
1.00008
1.56698
2.46418
6.34233
2.1414
7.59485
0.926524
0.614072
1.55239
2.89245
0.51483
0.623455
0.836223
4.4442
0.0435603
3.81865
0.796302
2.48139
1.03619
1.8053
3.84731
0.0626245
7.80892
2.86521
1.28949
0.416758
0.389253
2.01768
0.408173
0.702604
0.0344613
2.53752
4.48029
0.0502635
0.0406872
2.59605
0.0926899
6.98902
0.324305
0.883208
5.65902
1.49761
6.03108
9.52934
3.41851
9.68383
0.399763
9.67884
6.39665
0.213319
2.59702
1.78738
0.0409898
0.515059
2.17896
0.355444
0.873297
0.429533
1.00547
4.48531
1.25484
1.03669
5.47394
1.64582
2.32027
0.391074
2.56214
5.11353
0.917579
2.12692
4.39333
7.73924
5.88309
1.95492
4.0752
0.401917
5.17663
4.21045
2.01024
1.39411
2.34248
2.53528
1.83347
0.0370736
0.420811
4.31568
5.34323
0.313171
1.5832
0.165203
4.00117
1.41832
3.1978
1.83769
1.52586
1.77145
0.596882
1.06164
0.847892
2.99565
5.46723
1.5142
1.87443
3.03666
0.490975
0.0474835
1.65405
6.5105
1.43134
2.59488
1.56851
0.87949
1.9838
1.1231
0.709707
1.77349
2.30976
0.412469
4.87092
3.56814
4.235
1.52022
2.7947
0.0335951
0.582836
1.27769
2.84208
1.09616
1.29536
0.00515953
1.536
2.41272
0.0468711
3.19018
3.43779
0.0342657
9.63677
4.69066
3.45334
4.3017
1.22984
0.51426
2.64134
1.65857
3.95076
1.28246
0.522721
3.03054
1.77126
9.52894
6.13675
2.87881
1.83232
2.93494
2.87562
1.64408
0.0844453
0.0673183
7.3663
2.12281
2.17649
1.35391
5.79614
3.50542
2.81282
1.33736
0.616384
1.48121
1.37958
3.79975
0.553259
0.236197
0.347611
1.11484
0.694515
1.73297
4.86976
2.74424
5.21669
10.6292
1.95449
1.64918
7.41444
1.32143
2.76874
1.1455
0.22894
0.200036
0.807235
1.79031
1.92494
0.8208
0.886563
1.55267
1.53177
0.190733
0.927569
1.68953
1.71065
1.67019
5.83825
3.12988
0.0740401
1.25576
0.117433
4.93551
0.446166
1.24107
1.76519
3.03561
0.796139
3.96296
2.19336
2.11051
4.73403
4.57721
8.68647
0.0555022
2.35753
1.0254
5.54669
2.03987
2.40281
1.17353
2.21306
7.63241
1.56466
0.863196
0.153449
0.398643
1.58698
0.173922
0.767382
1.45384
2.10165
0.194432
0.828251
4.49672
0.530016
8.53088
3.73287
0.340785
1.25219
0.451235
0.0719167
2.65281
0.968568
0.502069
2.69269
0.21195
5.71694
0.574747
1.21584
2.75482
0.819822
4.25699
1.70424
2.7335
0.0964617
0.950054
0.686185
0.274309
0.265446
4.72225
3.54572
3.53889
10.6232
0.96451
0.237713
0.48181
1.45228
1.43703
0.203052
3.33803
0.843853
1.373
1.19867
0.465557
1.97772
3.48304
6.50508
0.652191
3.07608
5.01969
1.83012
3.17333
7.90399
0.523536
5.27928
2.77712
9.11692
1.41444
4.21962
0.991125
1.2726
0.584845
1.69925
3.41715
0.103968
2.06298
9.78398
1.09434
0.00449829
6.73988
3.38949
4.20285
0.290233
1.63658
0.985754
3.69251
3.09244
0.400841
1.06514
0.957584
1.1128
3.55031
2.78414
2.19992
2.47549
0.198861
0.916142
5.77902
1.16665
4.33316
1.52681
6.95633
0.159594
4.29615
1.4822
3.93572
1.6792
9.1491
0.164656
4.93696
4.3351
2.75549
0.345949
0.216723
0.78287
4.23606
0.812109
0.992655
1.91486
2.83166
5.47776
10.3108
2.00595
0.927681
4.27582
2.06028
0.198039
0.735966
10.0832
2.32982
2.89657
3.69068
0.503715
1.11574
2.1964
1.6235
2.72375
4.03732
1.92266
2.59986
2.21252
0.0129337
5.19682
5.14925
0.555913
0.14469
2.11399
1.55416
6.64973
6.82856
3.40009
5.00748
13.827
1.6967
5.81983
0.0788202
2.69521
5.05654
3.64148
3.26466
1.36328
9.5176
3.51663
0.156041
0.797659
5.15754
0.304757
6.70366
1.86873
2.29922
0.417668
7.53578
3.42163
2.26954
2.25797
6.57812
6.61092
0.969456
1.44225
0.203096
6.01611
8.22493
1.75048
5.47635
1.08467
0.999796
0.0388175
1.31958
0.924144
0.274053
0.0456418
2.89696
1.23881
2.29533
6.07532
0.00198139
3.07002
0.713975
0.114238
4.95102
2.99754
2.18309
3.95526
6.46349
4.0316
1.95434
3.85183
0.702967
0.915856
5.7573
8.47096
3.18761
7.77148
1.11312
3.7456
0.0209128
2.92702
1.26594
3.42354
6.54629
2.76332
1.18191
2.11788
0.563965
0.225864
4.28874
1.23682
2.08158
6.21917
6.6529
1.4524
0.504085
4.66378
0.128648
3.76731
2.06217
1.59471
4.38709
0.0226637
5.39266
0.610889
0.333809
0.0733417
5.40147
3.7217
12.3749
2.9443
2.99246
0.304345
0.537133
1.68875
2.91966
3.39699
2.64085
0.385842
0.217536
4.61947
7.46127
3.15956
0.013411
1.33738
7.15135
0.073933
3.27551
5.3397
0.015439
1.18351
2.69068
0.78843
0.0153319
1.69567
6.97545
2.50963
1.82402
0.0719726
0.706131
2.04394
0.630461
3.78419
6.35434
1.53352
0.30796
0.69909
0.555746
1.33541
1.88404
0.892542
10.8642
5.07602
2.07189
3.9968
1.93187
0.097889
1.81821
0.214272
0.175855
2.15134
1.03263
3.17229
2.5315
1.0212
0.575364
3.43464
1.27548
0.435517
2.18615
0.0677072
3.05974
5.04083
1.1977
0.894975
8.7738
0.265299
2.73368
5.69393
0.791885
1.25164
0.63451
0.74151
6.3689
2.27377
0.0901986
0.366969
5.01909
6.98962
2.27708
4.41886
0.375074
1.62543
1.36758
3.22432
2.64508
0.693724
0.939316
3.43499
8.30243
1.85429
0.342061
4.5389
2.30027
1.1892
4.73624
2.58456
0.192358
1.97806
1.28421
5.18146
0.357907
4.54484
5.55412
0.69485
1.46375
1.97283
1.8939
0.209359
1.6014
2.75925
1.24817
0.0901311
5.94074
0.789771
7.14374
13.7596
1.37908
3.20174
0.339653
1.46928
0.673032
2.80569
1.40163
6.4934
12.5615
0.854025
2.23419
2.40488
2.41644
3.48257
0.553969
4.33199
2.08455
1.78
1.65424
3.20214
0.79473
0.0746059
10.7041
0.311018
8.67884
2.0165
2.74736
3.29112
0.959348
0.453284
0.236949
3.5651
0.863972
3.19764
0.922787
0.118702
2.09196
5.85126
0.0765687
1.66229
6.01332
0.509468
0.774211
1.8897
0.625683
0.168208
2.34379
9.19382
4.09718
4.48293
12.7331
0.486064
4.25875
1.33062
3.09812
1.84088
1.62582
0.681079
2.26918
1.05132
1.65662
2.62013
6.17898
2.32146
10.514
0.544472
0.17199
2.70171
1.59336
2.0996
2.5659
2.05969
1.09783
1.33413
5.72246
0.104776
1.19645
2.48455
0.697772
1.48787
0.81152
7.59596
5.35941
1.13119
2.0291
5.89545
3.29866
0.0134367
0.504833
3.08461
2.49746
2.82572
1.6062
0.621125
0.518824
5.15607
2.74698
12.2327
1.40478
1.4271
0.13079
0.253629
2.23425
3.44071
0.329844
3.5608
17.8512
2.75363
2.71771
15.096
0.458849
7.78652
3.41726
1.29835
0.29111
8.22822
0.971965
1.13863
0.00196276
0.431507
3.2767
0.378154
3.74327
0.118108
1.84678
2.08159
2.02151
0.659123
3.61424
3.07393
1.20908
0.182868
0.276598
1.80871
0.40709
4.41295
6.9705
3.64757
1.7854
1.13079
2.3823
0.70777
0.443151
0.877893
5.04191
6.12684
1.8471
10.7722
0.936915
0.28871
2.90462
1.53534
2.87793
2.61459
0.446849
0.452432
3.4031
0.333022
1.6239
4.41174
0.454185
0.859909
4.11753
1.29738
1.15988
1.52159
2.89039
2.32571
1.94164
0.392499
0.578871
0.0688224
2.61182
3.46091
0.822772
0.202111
0.215643
2.84086
3.4157
2.14103
3.98205
11.3265
0.684189
3.67994
2.96703
0.0102166
0.199906
0.799997
2.19014
0.267741
1.67036
1.4609
0.397956
2.41481
2.40946
1.70174
1.44842
2.88585
3.277
0.0229874
1.0306
1.54734
2.07349
1.85683
0.233862
2.95774
0.457021
1.52193
5.91324
0.0448548
1.29692
1.36531
0.315313
0.910698
4.59177
2.40233
2.94261
4.00234
0.677621
1.15578
3.29464
1.11782
5.81456
0.64166
2.27816
5.86826
10.454
0.842994
0.0901264
9.39356
0.775165
10.0192
1.50722
2.0407
0.00349013
0.710229
0.39316
1.94417
5.84193
2.42361
2.39407
3.80373
2.81989
3.75174
1.48565
1.08468
0.989339
6.44439
0.0424543
0.826137
3.24533
5.73054
1.92325
0.573855
0.673342
0.917681
1.42184
0.898375
0.964857
2.60455
0.626598
1.38693
4.65162
1.15876
3.76086
0.834519
4.45375
2.35314
6.3767
1.07896
1.52576
5.94608
5.44779
0.929243
2.1204
0.217338
4.96139
3.14296
0.872475
1.35188
0.455552
4.265
1.57817
5.22839
0.930484
8.5546
1.70306
0.227839
0.465659
4.07038
0.874633
1.96577
0.0506244
1.13703
1.94413
2.54635
1.29783
0.133833
2.63308
0.421796
4.55382
9.2781
0.605921
3.85336
2.32403
3.41546
2.70382
0.837899
2.83474
0.410976
1.71887
0.439088
2.63946
0.248516
0.198688
1.20715
1.25295
0.527254
2.48364
3.88955
0.490795
2.12846
1.13438
1.53619
1.7123
0.62149
0.79877
4.66886
2.15346
0.661935
2.4779
1.67814
0.356215
0.193738
6.46155
0.211624
0.290556
1.14049
2.55965
5.72938
1.63074
0.353593
3.92995
1.84667
2.80235
3.37633
4.89428
2.82726
0.57522
3.23997
1.4851
1.82343
0.528011
1.8109
3.07406
3.51288
4.22733
0.0277883
1.17251
0.508765
2.46957
1.26238
1.4142
2.15014
1.05126
0.208374
0.217962
0.28746
1.19459
3.01467
0.44127
5.32632
0.893401
5.63844
0.829461
1.86012
0.179342
2.7331
1.48203
9.47344
1.35946
0.6238
0.180935
2.14812
5.22953
1.31438
0.191794
1.76874
2.21803
0.76009
1.8952
7.67592
4.10835
4.51856
2.6185
15.0321
0.529587
1.66033
1.94976
3.65971
8.94254
2.59738
2.10965
0.343849
0.376264
1.08846
7.19265
2.89112
2.37092
0.924559
3.77716
5.43069
2.11953
6.37474
1.07825
1.06213
2.25594
1.09902
1.24355
2.95796
1.9108
3.96035
5.99703
0.0856514
0.719733
0.856188
1.26515
4.38404
0.465775
4.28817
1.29367
1.4011
5.9457
2.39995
2.69322
4.00006
2.19724
0.660024
1.23455
0.911185
1.66789
0.282514
3.81125
3.85395
0.202642
4.53073
6.20179
0.852947
1.72751
0.823343
3.5616
8.49386
8.21195
2.23227
2.60674
1.03336
0.171813
1.0893
4.47769
3.74443
3.66248
3.22653
0.0869599
6.26006
0.0269851
0.0584731
2.19557
1.03237
0.547548
1.46094
3.4329
2.47401
10.2615
4.43642
1.03301
1.68461
2.48722
3.94853
3.47431
1.60339
0.767661
4.64803
1.02145
0.282084
1.45312
3.34436
3.59971
2.45056
1.50409
4.61293
1.5255
0.169277
0.16425
1.76588
0.623539
0.188958
2.12516
2.5755
3.54788
1.36629
1.55874
1.61259
3.68762
6.91933
1.42905
0.233119
4.01571
8.21238
8.77928
0.346913
0.350443
4.45661
1.27055
3.95751
2.34523
0.227808
0.435407
1.73269
1.63438
1.96751
0.44927
0.0178488
3.94382
1.47653
0.762045
0.253809
7.15333
4.75494
1.33388
0.0565522
3.85788
11.5093
3.2988
0.726583
7.17784
1.33069
1.1295
0.0266614
0.603767
0.811811
0.877087
0.837557
5.6185
3.78871
0.0317278
1.41734
2.41441
1.18937
3.07012
0.86349
3.75599
0.736064
1.26586
0.0977376
4.05697
2.29583
2.89377
0.847352
0.954347
2.46221
3.99009
3.56911
1.14657
0.636012
1.00477
4.35443
5.5513
2.14184
0.841958
3.11772
0.802621
0.773389
0.054955
5.58749
0.499627
1.15299
8.96351
0.718206
13.4551
3.32962
2.47153
3.90204
1.42012
3.2688
0.75504
1.55768
0.498518
5.2955
0.00466593
0.394257
2.06407
0.920247
6.51564
10.6321
1.35631
0.781256
1.73062
0.785445
1.491
1.49227
2.37414
8.76499
0.0467128
6.28945
0.461058
0.824225
6.14228
13.8003
3.45007
2.01781
2.71625
1.08306
3.52904
1.92982
0.0598468
7.30263
1.74825
1.05448
0.376781
9.36183
1.21369
1.24363
2.21493
4.52366
1.80772
2.0983
7.67782
0.77459
4.49821
0.184604
0.332322
0.99153
0.810109
2.07175
0.517799
0.165564
7.11245
0.347267
1.62964
1.07458
2.53034
8.99883
2.71159
1.48102
0.884552
0.402101
0.144129
0.905397
0.0766106
3.0652
0.792039
3.94895
0.200348
0.063323
16.6041
6.46036
0.841233
1.13923
2.53187
0.152916
0.0994117
0.616349
5.98371
2.69776
0.673933
0.0925059
0.254926
1.92899
1.2758
4.60959
3.50479
0.158311
5.99742
0.0229292
3.63374
3.52962
0.186292
1.01972
6.17007
3.2363
0.138446
4.60815
0.288526
0.272829
0.438681
0.864321
0.917644
10.6465
7.49942
3.00394
3.72408
0.764944
2.84885
3.08936
0.292321
6.06452
1.27014
9.61049
3.7386
2.33829
3.22792
3.26701
1.97977
2.52733
3.18873
6.73666
1.21418
4.04441
3.61425
2.05119
0.607942
0.13636
3.73067
1.20526
1.32814
5.24128
0.209142
3.61315
4.00261
6.98881
2.35218
1.13996
0.472455
0.302978
0.738003
1.44093
1.3876
0.251827
1.10604
0.994427
0.456634
0.645495
0.935334
0.272472
1.32076
0.34699
1.04217
1.41058
16.1705
0.0459561
5.6452
5.20499
2.61654
0.277436
2.2876
2.10862
0.147268
4.37466
2.03037
0.286615
2.06354
1.22089
0.0643055
0.34682
1.23537
0.889902
0.150704
0.479424
3.583
0.395628
3.18277
2.0015
2.16101
2.10281
0.746839
2.84007
2.09948
2.31174
0.952038
0.659255
0.84907
0.69299
0.366999
0.161731
2.06556
0.284971
8.72097
0.565194
6.47161
0.0636186
7.60006
0.670967
1.44325
7.42838
5.16671
3.22635
0.128027
1.01751
1.01635
0.429142
0.752902
0.20758
4.3679
0.510872
3.87756
0.980599
5.14859
3.89287
1.53992
2.44546
2.00398
0.193263
5.05296
3.78003
8.5226
1.26652
0.8423
2.67894
2.69971
12.4884
3.5152
0.582701
0.447386
0.0305637
5.1988
6.60691
4.15059
5.11263
2.74908
0.187578
2.35479
0.590559
4.76693
1.08086
1.91766
2.10602
1.07462
2.18135
1.44015
2.07935
1.04223
0.0143354
1.74416
0.804116
2.05676
2.87415
0.0872463
2.5047
0.233331
2.39486
11.8182
1.38693
0.345788
2.80887
1.03183
1.37949
0.0390038
0.368857
4.87102
2.31357
0.493645
10.7768
0.0864407
0.584347
0.226095
1.84697
3.4071
0.594915
7.75588
20.8226
4.00607
3.90749
0.503329
0.17182
7.53931
0.137261
2.10459
4.29922
1.84589
1.42281
2.14563
1.37551
0.939318
0.249061
3.85051
1.8864
3.42119
0.818728
0.324224
1.22745
7.01135
0.360648
3.66091
2.35259
0.345516
0.693116
2.91456
1.36569
3.26116
2.46041
1.75334
3.55886
0.550766
0.245192
3.16797
0.92078
5.97452
2.06267
3.14149
0.580323
1.3347
0.885711
4.50889
0.864612
2.64587
4.36312
2.52755
1.88306
10.8757
8.88516
0.912065
1.98361
0.269986
5.14341
3.99598
5.33293
1.71024
0.458218
1.77829
1.74339
1.14831
1.92406
3.3271
0.340252
3.4943
3.81248
4.86129
1.47374
4.23423
0.110306
1.92888
0.600237
6.05288
3.69596
0.811107
1.9079
0.178048
0.340578
1.44501
0.510842
1.48203
0.101333
1.1603
0.650701
0.544747
2.71233
0.226868
2.85556
3.66167
0.910282
1.91174
0.950804
0.652072
3.18917
0.921534
4.54015
0.598538
1.77099
2.02306
8.02204
2.33647
1.00383
1.84657
1.06889
5.31254
3.04352
5.6815
2.41716
3.16396
0.0560749
1.1521
1.72144
2.31004
2.05381
0.626107
1.47026
3.73584
5.40893
5.64548
0.914023
3.01111
3.02418
3.43241
0.105188
3.58177
0.698804
3.52737
2.054
2.14333
0.25176
1.48416
0.389917
5.23302
1.87293
0.760497
0.843825
0.382918
1.77986
8.15974
3.50666
2.53138
1.1801
2.6261
1.19155
2.75589
0.0638771
1.64815
4.69878
2.05068
5.64459
0.186374
0.846384
0.821773
3.68431
5.05675
2.86836
0.190781
2.20069
0.881208
0.588433
0.97346
0.854386
2.32318
0.0770227
0.468949
0.103752
5.97531
7.5837
0.930668
0.299783
0.136239
3.85634
2.00294
0.732613
1.58225
3.70002
0.430702
4.88312
7.29979
0.0607129
1.66299
6.5888
0.202155
8.63589
0.513515
0.119826
11.5712
0.461573
0.00923406
0.860137
2.12094
1.08137
1.38819
5.83325
2.09715
2.2467
3.1285
3.27061
2.99225
3.71654
0.945199
0.155366
1.93011
3.45934
2.42731
3.38049
2.41995
4.06821
7.18156
3.90215
3.56925
1.11824
0.529515
0.317264
4.38699
4.31739
0.92943
4.49755
7.86628
0.658112
6.74757
0.412189
0.30447
0.0863615
2.25698
0.210968
0.971071
2.59412
2.18834
3.32201
3.60767
0.469906
1.52586
2.62213
1.44972
0.138262
1.20659
3.55406
0.625781
2.80219
1.93696
1.2346
2.14091
0.325022
2.50484
8.48322
4.03427
5.62728
0.19141
3.19078
1.45335
3.5905
1.22133
0.815317
5.61972
5.839
3.09036
5.64735
4.62031
1.1437
0.563997
2.53415
1.28985
11.3952
2.25134
0.526905
2.47858
2.95273
1.43185
0.929825
0.142471
6.08719
0.92193
0.872267
1.17321
7.62983
1.74204
1.46782
5.08859
2.65381
1.86148
1.78783
0.238284
2.35003
7.03136
3.86475
0.907024
3.73937
7.81353
1.67886
0.0588596
2.09527
5.95905
4.71715
6.90317
3.03881
2.58326
0.318559
2.44604
0.0880472
2.64721
1.51862
6.69228
3.19713
6.48277
0.606498
11.7451
2.28492
1.08419
3.53456
1.34843
2.83179
1.47754
1.1868
1.40906
2.63538
0.34574
0.839431
1.829
4.89076
5.91992
3.51442
1.6813
2.39057
0.265983
3.21137
0.0453251
2.71839
1.11958
0.886896
9.46796
2.40973
0.814132
0.304377
2.62684
0.765661
0.109065
1.67012
2.19126
6.81367
1.5403
2.6317
2.14617
2.18068
2.25182
4.91373
1.00062
4.08378
0.893457
2.19979
3.00047
0.819021
0.664985
3.99996
10.3395
8.12467
0.801333
2.31092
7.14496
0.371111
1.32119
0.50138
0.549234
2.6133
0.013744
0.286768
5.10646
1.94654
0.601823
1.76933
0.955535
1.78687
1.22458
4.00638
0.566412
2.09236
2.47434
6.48681
0.15154
0.642459
1.54983
1.09807
2.30477
0.149345
0.499191
2.13983
0.862645
3.92999
0.363777
1.97578
0.532456
2.24351
2.47163
0.371411
0.901255
2.12441
0.188374
1.16785
5.37378
1.27488
4.22501
5.33969
3.82232
0.694932
4.2356
0.369702
1.40324
0.867238
1.70052
3.02959
1.25102
2.56066
1.13348
0.688976
3.0298
0.585823
11.4975
1.83668
0.00799308
0.957812
0.0225147
0.695249
0.852484
0.984822
6.74292
2.17197
1.5537
5.02489
1.16717
0.719537
1.88678
0.0613206
1.39728
0.0589783
0.00167172
10.5376
1.75656
1.01252
1.17583
1.27263
0.589511
1.22512
0.376874
2.40155
1.96869
0.781044
3.23066
2.11363
3.12128
0.129601
11.1988
1.11226
4.5497
1.98212
2.26435
1.67249
1.48545
1.99561
3.66633
8.75912
0.178141
0.0715558
0.52673
8.98578
