7
8
8
2
7
6
4
10
10
3
3
8
7
6
7
4
9
5
8
9
8
4
8
6
6
8
7
8
11
11
7
8
5
7
8
6
8
7
9
2
9
4
3
10
11
3
10
7
8
4
8
6
5
9
4
4
3
4
8
12
3
4
8
6
7
3
9
10
5
4
7
8
9
6
7
9
7
8
11
6
7
7
7
3
6
7
11
9
3
6
11
9
9
10
8
8
8
2
7
9
7
4
3
7
10
5
8
10
6
6
8
10
11
10
6
6
8
5
7
7
7
12
9
5
10
6
4
5
9
7
11
5
5
7
9
10
9
5
8
9
8
5
3
7
8
5
5
10
7
6
5
10
5
3
7
3
10
7
4
8
10
7
2
7
8
5
4
11
3
7
7
8
11
5
8
8
7
10
4
8
5
8
4
6
8
7
8
5
3
5
9
9
10
12
7
6
2
11
3
7
12
5
7
6
5
5
3
9
9
8
10
2
6
9
5
7
7
8
12
4
8
6
7
2
7
9
8
6
4
8
11
7
6
6
9
9
7
4
11
5
11
7
6
6
9
11
5
8
8
4
7
10
4
6
5
12
4
7
4
7
7
3
6
3
11
9
7
10
9
10
7
6
10
6
4
8
8
7
11
10
8
5
5
7
2
5
7
10
3
6
5
5
7
8
8
7
7
11
7
5
7
6
7
10
5
4
5
12
9
6
10
7
8
6
9
8
6
10
8
7
11
9
7
6
5
6
6
10
9
7
6
8
7
7
8
6
8
6
9
6
9
10
10
7
7
8
5
7
6
5
10
7
5
5
8
6
10
7
9
8
