8
10
9
7
6
4
9
6
11
10
8
9
7
10
9
9
2
7
8
4
4
5
7
8
7
7
8
3
6
7
5
5
3
4
8
10
5
10
2
12
7
3
3
11
9
11
11
5
8
8
8
3
5
10
8
5
7
5
6
4
4
8
9
10
6
5
10
8
2
6
7
6
5
9
8
8
11
3
5
8
8
11
5
2
7
7
4
9
7
8
7
11
7
10
4
4
4
5
7
8
8
11
8
3
4
6
7
8
6
10
7
2
8
8
4
7
9
7
8
10
11
11
8
4
9
7
4
7
8
7
6
8
9
6
7
6
12
10
4
5
4
12
3
10
10
8
7
7
5
9
7
3
3
6
5
11
11
4
9
7
5
8
5
6
9
4
9
7
8
7
12
4
6
7
10
5
7
10
6
7
7
5
7
2
6
9
4
4
12
9
6
7
6
11
8
8
8
3
5
4
3
11
7
5
8
10
5
4
10
8
6
6
9
7
2
5
4
8
9
6
6
8
7
8
7
6
10
2
4
7
5
10
6
6
12
4
5
6
5
5
6
8
7
4
6
9
12
7
9
7
7
3
5
5
2
5
5
4
8
7
7
4
6
5
8
4
8
7
6
5
4
11
6
4
3
6
7
8
6
7
9
7
7
6
4
10
4
6
8
4
10
7
6
5
8
10
3
3
8
8
7
9
2
3
5
9
8
9
5
5
7
7
10
6
11
11
5
8
10
12
6
4
6
4
11
6
8
11
2
9
7
7
10
7
7
5
3
8
6
4
7
8
5
11
8
6
7
11
7
6
8
12
2
6
7
9
4
3
5
9
