6
10
12
12
10
6
7
8
8
4
9
6
8
8
7
9
10
7
5
10
7
9
7
8
5
9
6
8
8
9
7
7
5
6
7
12
9
6
7
7
6
7
7
5
5
4
8
6
9
5
5
5
7
6
5
4
12
7
5
7
9
7
6
11
7
10
10
9
8
10
7
8
7
6
5
11
12
6
8
5
10
4
4
5
4
6
6
6
8
11
4
7
7
3
7
7
7
6
8
10
7
10
4
5
4
5
5
7
8
5
4
9
4
8
10
6
6
9
6
8
8
9
9
8
7
7
8
7
6
7
6
7
9
3
6
5
6
6
7
7
7
7
4
11
5
3
7
9
8
6
10
8
6
7
5
7
8
10
6
8
10
12
3
5
8
6
3
8
6
6
10
2
8
10
5
8
5
9
9
5
7
4
10
10
5
4
10
4
10
8
7
4
11
8
6
4
6
7
11
6
9
5
5
9
2
7
9
8
2
9
11
8
5
5
6
5
3
10
3
11
10
6
10
4
8
7
7
7
8
4
8
8
5
6
9
7
4
6
8
8
2
6
9
6
9
6
2
4
6
7
4
6
11
8
8
6
2
6
7
5
5
7
12
10
5
8
7
7
11
6
9
10
8
3
7
6
4
8
8
3
8
9
5
9
6
8
6
3
8
7
4
7
5
10
9
5
7
8
10
3
9
5
7
8
8
3
3
7
4
10
4
10
11
9
8
11
5
6
8
10
4
9
10
9
7
4
7
5
6
4
10
4
2
9
8
9
6
8
6
8
7
3
7
9
8
7
2
9
5
10
5
9
8
9
7
4
8
5
6
11
