3
6
6
11
12
8
8
11
10
7
11
5
5
8
3
5
10
4
11
10
11
7
7
4
3
7
7
5
4
8
9
10
8
10
9
7
4
7
11
11
7
7
11
6
4
5
7
11
9
9
7
7
8
9
10
11
3
6
10
4
7
7
7
3
8
10
8
5
6
8
7
8
3
7
7
9
10
7
3
11
7
8
7
4
5
5
6
8
6
8
4
12
10
5
11
5
7
9
7
2
9
8
7
9
11
4
3
7
8
8
5
6
7
12
5
9
12
10
4
9
7
7
4
4
5
4
4
7
9
8
3
7
5
5
5
2
5
6
4
6
5
7
5
2
5
5
7
9
8
8
9
6
8
5
9
4
3
7
10
7
7
9
4
11
7
5
8
6
10
5
9
9
4
10
10
5
8
7
9
7
8
7
8
7
3
8
7
4
10
6
7
3
6
6
4
6
6
4
4
6
10
7
6
7
5
9
7
5
9
8
7
8
6
8
7
5
5
12
2
12
10
6
5
10
11
11
6
2
4
7
12
9
4
8
7
5
7
6
6
8
3
8
5
8
6
5
10
7
6
8
9
9
5
6
5
5
2
4
7
7
7
8
8
6
10
8
3
7
3
6
9
4
8
6
11
4
5
6
7
6
11
6
7
12
9
6
6
6
6
4
3
8
6
7
10
11
6
11
11
7
2
10
6
5
8
8
6
2
10
4
4
4
11
2
7
4
8
9
9
9
9
9
5
10
7
6
11
5
7
2
4
8
12
3
10
5
9
9
6
11
12
9
7
5
7
8
4
2
5
9
9
7
6
8
8
5
10
9
11
6
